96
1 2 0.43753893752019957
1 68 0.3533857046475604
1 66 0.320978468597678
1 67 0.31949736014044783
1 3 0.3082464577803039
1 70 0.3027610464830576
2 1 0.43753893752019957
2 3 0.4228732023509091
2 4 0.3618052400057613
2 44 0.3035373264890753
2 5 0.2894317894857492
2 12 0.2594974422051107
3 2 0.4228732023509091
3 4 0.3233930007258459
3 1 0.3082464577803039
3 44 0.26867131978720976
3 5 0.2581338518755707
3 6 0.23038761655756315
4 2 0.3618052400057613
4 5 0.32612114307501205
4 3 0.3233930007258459
4 8 0.2919227024329306
4 45 0.2746271658801982
4 1 0.2693559916063767
5 39 0.33007267715319943
5 4 0.32612114307501205
5 42 0.30866448067137786
5 2 0.2894317894857492
5 43 0.2768039691852197
5 1 0.2732921147032542
6 45 0.35797261361701876
6 42 0.28420487882479484
6 5 0.2353904561686802
6 3 0.23038761655756315
6 44 0.2142770634079343
6 43 0.2033725256354304
7 18 0.3301509688908038
7 8 0.3272335126525736
7 38 0.2882115120937803
7 37 0.259599849471382
7 4 0.25809613818513266
7 25 0.2573048004076785
8 9 0.5829119284426978
8 13 0.35663586109744805
8 38 0.3294207431628174
8 7 0.3272335126525736
8 37 0.3213258301429896
8 4 0.2919227024329306
9 8 0.5829119284426978
9 10 0.33050547083125087
9 13 0.2849011259607902
9 11 0.25779463472937847
9 37 0.2466771752538482
9 18 0.24319807482767272
10 11 0.8520683446438403
10 12 0.36076222823199466
10 75 0.3566821813698478
10 76 0.35237415200142314
10 74 0.3371462273291839
10 9 0.33050547083125087
11 10 0.8520683446438403
11 75 0.4063867073017692
11 76 0.4007312899867902
11 12 0.38583769426115844
11 74 0.3810740733392258
11 78 0.3337786026806136
12 11 0.38583769426115844
12 10 0.36076222823199466
12 64 0.3364441599174776
12 14 0.3326603516420004
12 13 0.33072952124117877
12 2 0.2594974422051107
13 14 0.5125664796498489
13 25 0.42312816252046664
13 8 0.35663586109744805
13 12 0.33072952124117877
13 11 0.32055881311904794
13 24 0.306586911492045
14 13 0.5125664796498489
14 38 0.3810524339078566
14 26 0.34460411099531885
14 25 0.3353603490078493
14 12 0.3326603516420004
14 27 0.31744954216634186
15 18 0.3241579262790979
15 41 0.29647832108958777
15 13 0.2931115392298246
15 14 0.2613177060729409
15 9 0.22132077015810322
15 38 0.21321436960935675
16 18 0.29620409679274856
16 14 0.2886715356157276
16 41 0.23759329572024737
16 38 0.2287104095636226
16 27 0.2161013542883554
16 40 0.2140378612777234
17 37 0.5522933415941584
17 36 0.45460948741421064
17 32 0.3962333108440305
17 41 0.3613184060533391
17 18 0.3503068998608658
17 30 0.3424079041364522
18 37 0.39546741463491136
18 36 0.3836520921365061
18 17 0.3503068998608658
18 38 0.3501601872879815
18 7 0.3301509688908038
18 15 0.3241579262790979
19 35 0.4798760456274149
19 36 0.40880551691657446
19 37 0.356537886966732
19 22 0.3411293132881023
19 45 0.3300625074713584
19 34 0.3228316284502803
20 21 0.44650994611370376
20 35 0.40312888691494086
20 22 0.3626758916162796
20 30 0.3021393708698026
20 23 0.3012474665848004
20 27 0.2964738392888871
21 20 0.44650994611370376
21 23 0.39824944207804874
21 22 0.3847677059808378
21 24 0.32487492536937196
21 35 0.3126060223580647
21 27 0.2894166814925695
22 35 0.4574411893972729
22 34 0.39496827309326904
22 23 0.39245159458723966
22 21 0.3847677059808378
22 20 0.3626758916162796
22 19 0.3411293132881023
23 21 0.39824944207804874
23 22 0.39245159458723966
23 34 0.36218824820045614
23 30 0.3521016236928651
23 35 0.3308312657485689
23 20 0.3012474665848004
24 25 0.4266031916191378
24 28 0.3668300594299819
24 37 0.36223233923198
24 26 0.3263964720233624
24 31 0.32594836923173887
24 21 0.32487492536937196
25 26 0.4364836934903644
25 27 0.4311411758910314
25 28 0.4302684037475765
25 24 0.4266031916191378
25 13 0.42312816252046664
25 38 0.4217960949924702
26 38 0.44188860408029584
26 27 0.4410585524481343
26 25 0.4364836934903644
26 28 0.37432753649369993
26 14 0.34460411099531885
26 24 0.3263964720233624
27 38 0.4568340297038131
27 26 0.4410585524481343
27 25 0.4311411758910314
27 28 0.41876407844121494
27 46 0.40773914372552883
27 14 0.31744954216634186
28 31 0.501043608178301
28 29 0.49431902882230727
28 30 0.48801539428822477
28 32 0.43182008050739207
28 25 0.4302684037475765
28 38 0.4205036560508376
29 31 0.6030796338337059
29 30 0.5298802910819311
29 33 0.5059908375606768
29 28 0.49431902882230727
29 32 0.4529101264147226
29 36 0.3536994793572255
30 31 0.614418465655214
30 32 0.5662743322610687
30 29 0.5298802910819311
30 35 0.5210942243505179
30 36 0.4907792485372138
30 28 0.48801539428822477
31 32 0.6161125548715948
31 30 0.614418465655214
31 29 0.6030796338337059
31 33 0.5646901258886919
31 28 0.501043608178301
31 38 0.4579265011937637
32 31 0.6161125548715948
32 33 0.5958427364639399
32 30 0.5662743322610687
32 39 0.5002686602723859
32 34 0.48662341353398597
32 29 0.4529101264147226
33 32 0.5958427364639399
33 31 0.5646901258886919
33 29 0.5059908375606768
33 39 0.4457660372428761
33 30 0.4317744173767156
33 28 0.41590251785561344
34 32 0.48662341353398597
34 35 0.46070293028069814
34 36 0.4472786845330234
34 30 0.4413874176148491
34 31 0.4123002456016845
34 22 0.39496827309326904
35 36 0.580925140473968
35 30 0.5210942243505179
35 43 0.48844576325577477
35 19 0.4798760456274149
35 37 0.47960680042869497
35 34 0.46070293028069814
36 37 0.5982782563591907
36 35 0.580925140473968
36 30 0.4907792485372138
36 31 0.4562431807141104
36 17 0.45460948741421064
36 34 0.4472786845330234
37 36 0.5982782563591907
37 17 0.5522933415941584
37 35 0.47960680042869497
37 38 0.45688035854539816
37 18 0.39546741463491136
37 30 0.3726957524706317
38 31 0.4579265011937637
38 37 0.45688035854539816
38 27 0.4568340297038131
38 46 0.4508166634198123
38 26 0.44188860408029584
38 36 0.4287066349101192
39 32 0.5002686602723859
39 33 0.4457660372428761
39 40 0.42316991465882
39 31 0.41282841442645246
39 38 0.397615648143388
39 36 0.3903798079230425
40 36 0.4321329515266433
40 31 0.430082117520683
40 41 0.42984252122425354
40 39 0.42316991465882
40 38 0.4076506467548012
40 35 0.39980441233327263
41 40 0.42984252122425354
41 38 0.42246517237721737
41 31 0.38247348930614977
41 17 0.3613184060533391
41 36 0.3536076404568418
41 37 0.3494903635762576
42 45 0.4676662786294816
42 43 0.4604110559594971
42 44 0.4355026355714233
42 39 0.33593061456498574
42 5 0.30866448067137786
42 46 0.3042130153413941
43 35 0.48844576325577477
43 44 0.488289145484766
43 42 0.4604110559594971
43 45 0.4321777352975198
43 38 0.3835449573709942
43 39 0.3593631368543752
44 43 0.488289145484766
44 45 0.47989677678031994
44 42 0.4355026355714233
44 35 0.4016573792100629
44 38 0.37032289155439235
44 25 0.3247900568328282
45 44 0.47989677678031994
45 42 0.4676662786294816
45 43 0.4321777352975198
45 46 0.38016798600340435
45 6 0.35797261361701876
45 19 0.3300625074713584
46 38 0.4508166634198123
46 25 0.41082947507392004
46 27 0.40773914372552883
46 45 0.38016798600340435
46 28 0.36724213356075586
46 47 0.33460153948269644
47 46 0.33460153948269644
47 45 0.3115971113845046
47 44 0.2962671561611793
47 42 0.2664757210268681
47 27 0.26389946274931897
47 43 0.21987012276843565
48 49 0.8294903973882948
48 51 0.32207253903365823
48 50 0.3076444247264127
48 94 0.25355618105283156
48 53 0.24430503220783814
48 52 0.22843702606459504
49 48 0.8294903973882948
49 50 0.3573644741251802
49 53 0.34855761468962476
49 51 0.32950917005356345
49 52 0.2688193562790244
49 94 0.22200826015231145
50 56 0.5038608151135416
50 53 0.3733431176569689
50 52 0.3671759163224284
50 49 0.3573644741251802
50 48 0.3076444247264127
50 51 0.2956181376458764
51 52 0.638958048546217
51 55 0.4670635902630569
51 53 0.4579490659371543
51 54 0.4249664865099384
51 56 0.3499084350542891
51 57 0.3433193855739655
52 53 0.6514178835121611
52 51 0.638958048546217
52 54 0.49405545694729447
52 55 0.4259530592757595
52 57 0.4196148861028394
52 56 0.37259168908198614
53 52 0.6514178835121611
53 51 0.4579490659371543
53 57 0.44359410833366447
53 54 0.4084775099013923
53 55 0.3767034798095873
53 56 0.3744445776547294
54 55 0.7533413283346271
54 57 0.565916336658895
54 52 0.49405545694729447
54 56 0.4700471081484756
54 51 0.4249664865099384
54 53 0.4084775099013923
55 54 0.7533413283346271
55 56 0.5470618508314409
55 51 0.4670635902630569
55 57 0.4534693399415946
55 52 0.4259530592757595
55 53 0.3767034798095873
56 55 0.5470618508314409
56 50 0.5038608151135416
56 54 0.4700471081484756
56 57 0.3769211760488641
56 53 0.3744445776547294
56 52 0.37259168908198614
57 54 0.565916336658895
57 55 0.4534693399415946
57 53 0.44359410833366447
57 52 0.4196148861028394
57 60 0.38001503857397406
57 59 0.3774985432469973
58 59 0.6577128040774625
58 60 0.5925944382379503
58 61 0.5660573696043317
58 62 0.5053522356375233
58 63 0.47876217759822515
58 83 0.35693442680149867
59 60 0.8797714582356869
59 61 0.7210670118455131
59 58 0.6577128040774625
59 62 0.622442560954226
59 63 0.536816657449162
59 57 0.3774985432469973
60 59 0.8797714582356869
60 61 0.7600843312347412
60 62 0.6816092366220091
60 63 0.6015297117577665
60 58 0.5925944382379503
60 57 0.38001503857397406
61 62 0.8490154082595096
61 60 0.7600843312347412
61 59 0.7210670118455131
61 63 0.6940590479427593
61 58 0.5660573696043317
61 66 0.33597123078878144
62 61 0.8490154082595096
62 63 0.7908319354981197
62 60 0.6816092366220091
62 59 0.622442560954226
62 58 0.5053522356375233
62 66 0.4748816436407371
63 62 0.7908319354981197
63 61 0.6940590479427593
63 60 0.6015297117577665
63 59 0.536816657449162
63 58 0.47876217759822515
63 66 0.398285577412851
64 65 0.4476477018140469
64 66 0.4221609037819243
64 62 0.3424865264193538
64 12 0.3364441599174776
64 67 0.3345271827474676
64 71 0.3325633847044984
65 66 0.6383227738781586
65 67 0.5185847375433963
65 68 0.4713787155853161
65 64 0.4476477018140469
65 69 0.42325975702380214
65 62 0.3947502383028604
66 65 0.6383227738781586
66 67 0.6241866406246814
66 68 0.560730324190974
66 69 0.5052134521968726
66 62 0.4748816436407371
66 64 0.4221609037819243
67 66 0.6241866406246814
67 65 0.5185847375433963
67 68 0.47564774516376873
67 69 0.4051034714259407
67 64 0.3345271827474676
67 62 0.32426937983502907
68 66 0.560730324190974
68 67 0.47564774516376873
68 65 0.4713787155853161
68 69 0.46447385872953
68 1 0.3533857046475604
68 70 0.31926765396291523
69 66 0.5052134521968726
69 68 0.46447385872953
69 65 0.42325975702380214
69 67 0.4051034714259407
69 64 0.25766196914519474
69 62 0.2292563990387327
70 65 0.3297433916679502
70 68 0.31926765396291523
70 66 0.3031167155115049
70 1 0.3027610464830576
70 2 0.24461150616104427
70 67 0.2412081136499772
71 64 0.3325633847044984
71 65 0.3147004394854846
72 73 0.6534336804862834
72 77 0.4647104111170495
72 76 0.4418682097860313
72 78 0.4184067338456095
72 75 0.3945945100336634
72 74 0.341937287915457
73 72 0.6534336804862834
73 74 0.42313167415902453
73 78 0.38210468995537433
73 77 0.33511482077569194
73 75 0.31931744580512045
73 76 0.3071729518058952
74 75 0.6381672266794896
74 78 0.5391457612638133
74 76 0.5391102973294981
74 79 0.45400920274690004
74 77 0.4273445429766413
74 73 0.42313167415902453
75 76 0.8383272460752161
75 78 0.6624332169021794
75 74 0.6381672266794896
75 77 0.6161718105529912
75 79 0.47147498609958527
75 11 0.4063867073017692
76 75 0.8383272460752161
76 77 0.7347071950523811
76 78 0.6706714003768112
76 79 0.558379562598213
76 74 0.5391102973294981
76 90 0.46616039300945866
77 78 0.804774422456942
77 76 0.7347071950523811
77 75 0.6161718105529912
77 79 0.47164999572994065
77 72 0.4647104111170495
77 90 0.458733855412361
78 77 0.804774422456942
78 76 0.6706714003768112
78 75 0.6624332169021794
78 74 0.5391457612638133
78 79 0.49344778045414295
78 90 0.4247767740472322
79 80 0.6328201677176802
79 76 0.558379562598213
79 81 0.5296309367980441
79 78 0.49344778045414295
79 77 0.47164999572994065
79 75 0.47147498609958527
80 79 0.6328201677176802
80 81 0.4344707179456105
80 76 0.43170755142752215
80 90 0.35500914007802115
80 77 0.3550070461834148
80 75 0.3499614592941169
81 82 0.6354025202187672
81 83 0.6208430330626884
81 79 0.5296309367980441
81 84 0.5046207270462895
81 90 0.46970961802542993
81 85 0.4600747511188313
82 81 0.6354025202187672
82 83 0.5923174116405421
82 84 0.4052443904950794
82 85 0.40226001776251985
82 87 0.39793083602286033
82 90 0.3976018303491363
83 84 0.6813082450611769
83 81 0.6208430330626884
83 82 0.5923174116405421
83 85 0.576780539031243
83 90 0.5414220886762934
83 91 0.5152615379336174
84 83 0.6813082450611769
84 85 0.6410410835988049
84 90 0.5727304460880828
84 81 0.5046207270462895
84 91 0.4781919691928563
84 89 0.4630746113557284
85 90 0.6755571308467128
85 84 0.6410410835988049
85 91 0.5932620824267032
85 83 0.576780539031243
85 86 0.571177206155844
85 87 0.5458301845697303
86 91 0.6969179573470562
86 90 0.6675654843073672
86 87 0.6599735493214686
86 89 0.6542906149268726
86 92 0.6219221196738355
86 88 0.61562708172188
87 91 0.7318148967832014
87 89 0.6810648431285372
87 88 0.669559688723757
87 90 0.6670893154519505
87 86 0.6599735493214686
87 92 0.6212511049394064
88 89 0.7885594555486193
88 90 0.7412683060235172
88 91 0.7016323293904166
88 92 0.694950910160487
88 87 0.669559688723757
88 86 0.61562708172188
89 90 0.7972631348837043
89 88 0.7885594555486193
89 91 0.7667497869911131
89 92 0.7070186963293454
89 87 0.6810648431285372
89 86 0.6542906149268726
90 89 0.7972631348837043
90 91 0.7660652471745936
90 88 0.7412683060235172
90 85 0.6755571308467128
90 92 0.6738358964473182
90 86 0.6675654843073672
91 89 0.7667497869911131
91 90 0.7660652471745936
91 93 0.7611386699732756
91 92 0.7415401805866306
91 87 0.7318148967832014
91 88 0.7016323293904166
92 91 0.7415401805866306
92 89 0.7070186963293454
92 88 0.694950910160487
92 90 0.6738358964473182
92 93 0.6453996254165686
92 86 0.6219221196738355
93 91 0.7611386699732756
93 92 0.6453996254165686
93 90 0.639949662711095
93 89 0.6378625010151416
93 87 0.5962608358050933
93 88 0.5962463107866202
94 95 0.6117635362241591
94 90 0.5236528394677289
94 92 0.48534021351959095
94 93 0.48045605869891544
94 85 0.46560546565678995
94 88 0.46508018574841414
95 94 0.6117635362241591
95 88 0.5762110200111172
95 92 0.5722527662735986
95 90 0.5344244037586856
95 89 0.5035036712664331
95 91 0.48471999021845014
96 76 0.33323928779663303
96 80 0.2871356138184917
96 79 0.2629027714781975
96 17 0.24380392892017944
96 62 0.24346859321644523
96 75 0.22906085510386176
